# Created by Octave 3.8.1, Sat May 09 14:51:23 2015 PET <edwin@machine>
# name: dataxtmp
# type: matrix
# rows: 723
# columns: 1
 -6.02805745178415
 292.7080421272246
 171.9189081620817
 379.7720065634093
 428.484483974418
 494.2908363379271
 469.2892158383992
 177.3050979619077
 233.9894820483581
 459.3719211928576
 329.6911351413436
 312.9150506177707
 92.80142295489435
 289.1855614666755
 298.1822554096042
 295.9255483348775
 226.3743224559895
 157.3956609358231
 152.8555658322524
 120.6843804955259
 192.8842012311385
 317.6047610433829
 202.97687578116
 92.8649054328223
 -33.02230056485975
 69.1511397861774
 191.512129234389
 102.223454831992
 121.2616229077741
 120.5938493415974
 -55.88019682760932
 103.7168798977603
 155.5079951989949
 171.6696704445226
 40.1719631799704
 -35.18872794678722
 41.45769142451414
 266.302552373861
 223.6515055579345
 41.4776114823439
 99.56038283997326
 93.85450191803412
 160.431532505077
 155.3688125152245
 46.6333026540329
 90.11185422938095
 61.77279697491615
 105.6355075704788
 161.7729879325575
 166.2867570428764
 63.15282155427892
 -15.80620699037999
 49.28584024961435
 70.47472315247371
 47.81403436518923
 45.28692713163284
 62.88700968653329
 40.62085837028321
 182.561149171337
 40.78360950973303
 167.278684924742
 146.1032717917558
 13.22657506504153
 -107.6090800874975
 51.46014081397516
 70.57099404312234
 5.807226264496393
 73.1416128806742
 24.58764605639914
 128.1919809999191
 120.049729655418
 208.2718206099431
 156.9321647540336
 29.94137815415408
 151.1831371701006
 -103.4304715698524
 142.0104750968303
 -104.5004953957977
 -91.11137375593495
 250.2547026559398
 516.2056872813035
 767.452184214291
 992.622078697271
 115.6045120604713
 431.6330676147528
 -107.7879215653526
 489.2367791834761
 254.9728068812938
 441.6193070968998
 317.1855028553924
 -30.58768975698973
 326.0069062793632
 187.1124346224214
 -123.4175361369886
 454.3018358938546
 388.7630507969745
 360.2303203781684
 284.5783624246822
 433.7878229817432
 472.0236351237447
 531.4659742639338
 780.3714166218526
 490.909184887084
 -1246.226999246625
 827.895163030327
 2864.086012314009
 3682.74698091734
 4186.51778109535
 4981.054512441166
 6184.44013107521
 7499.52864173227
 5739.630436035599
 2129.070725606341
 773.3174902559008
 -6616.293963886721
 -7078.251583963016
 -12080.97018193383
 -13992.27211336293
 -12624.87019313096
 -11221.35712422125
 -8425.32813005539
 -6455.117547007544
 -2523.984307575951
 1925.096401203609
 4637.945983065293
 7218.435181214186
 11470.22642627039
 14642.32849050985
 16218.43317675863
 13933.09279471025
 13135.91125397576
 7548.906344923618
 5683.334329406434
 1362.576498973999
 -1794.001500490383
 -8441.320038627904
 -9098.19006972971
 -13288.29016333788
 -13701.59220595573
 -14349.67589468688
 -13184.88542347139
 -13098.10337989648
 -12900.35907118534
 -8460.542127955647
 -3509.78788197222
 -393.0642294361087
 5492.415515778337
 9862.820939801433
 15322.84500202997
 19292.65866532517
 19476.84583939312
 17220.72222396738
 10341.20551852545
 6349.653067836133
 -727.7995166481692
 -6110.020495593217
 -10467.03782245099
 -15631.02244304705
 -18348.97163392325
 -17010.73802368258
 -13041.83979642511
 -12876.3106347871
 -11982.86872241987
 -10135.11265357297
 -6179.643029470419
 -4173.025104324582
 3426.579060058326
 6259.832574368831
 11862.65911224176
 15081.9644962536
 19508.15496240419
 21574.16441427054
 19640.17883644316
 18516.34936071092
 9370.253911381937
 5443.141478029227
 -1231.948923086105
 -8918.792648581622
 -10088.06166448112
 -15269.3653911645
 -14433.46283668966
 -13866.21326933813
 -12885.75197750671
 -11265.45745894877
 -10230.00802229194
 -8716.114464990304
 -7692.562339633294
 -3134.220867101675
 -1657.749209150267
 -1774.474590114347
 10984.4511108625
 11423.3567464471
 12707.67123895031
 15641.14883738023
 15063.94382974382
 12919.82553291349
 9559.595974447151
 7712.486216753692
 5976.941680314318
 4660.769968596318
 986.8893209998146
 -1960.037405883063
 -4383.587753738772
 -7230.485944460215
 -11408.50167294276
 -11540.79790383661
 -11410.09942243943
 -11848.60174604286
 -11348.46043132885
 -10228.61282269306
 -9983.17246166658
 -4747.813163292489
 -3538.999289572768
 6870.683335595255
 12578.76182944545
 13183.41048336494
 16487.08819334542
 16486.35190927169
 13981.70562515017
 7353.795085374511
 6500.121469205973
 1340.1568653474
 846.5285081025881
 -3507.399496880753
 -4335.965346645509
 -9870.464919885171
 -11835.65838158033
 -12129.71260905475
 -10929.48263657144
 -10553.39972800961
 -10792.38114123951
 -8825.248184126827
 -8365.375126313071
 -2419.180164864856
 -689.76479477462
 9263.103639299654
 10393.81135708075
 18150.97873339141
 18565.38598881544
 17557.8220830689
 8097.297185422291
 6742.361779163743
 -2120.27534598344
 -4159.960290049456
 -7506.986431386216
 -11469.37671665021
 -12630.98808094929
 -14408.91604329532
 -14238.0336851326
 -10640.97549206519
 -10316.88256737526
 -9574.603191430517
 -9152.72784788187
 -4615.387051509
 922.9200405216816
 9133.248487706707
 12763.76881664443
 18135.65231153935
 21151.88840531381
 20803.46357028726
 18342.28820708406
 13121.73262566409
 8366.638760637956
 1659.459543522767
 -3734.69535845666
 -6968.925485358575
 -10661.06020668175
 -15260.71619098147
 -15896.44153920998
 -15231.52615177119
 -14465.04705497034
 -13454.97708265133
 -11302.19492461145
 -8429.526222130607
 -4753.657131402199
 263.0435199628341
 8490.43796607191
 13765.42786277208
 15849.19579906235
 22688.03030464258
 22471.75468981112
 15496.00909950454
 12926.21672246495
 5121.789850400454
 1412.89729304509
 -4045.529474739463
 -13184.50787592269
 -15100.24802024019
 -16830.03930095295
 -15196.24606824155
 -12508.19792394126
 -11881.06887740836
 -11400.06374632284
 -8926.615297105938
 -8344.925944151862
 -6847.751405163731
 -3995.029212786883
 7417.003618023893
 13356.3259639284
 20550.20164722099
 23805.53287936132
 24375.3399155301
 22080.95014039209
 18933.83515442588
 12428.45674671524
 8704.251019545623
 1691.969076706147
 -4035.22403021027
 -10789.26579160139
 -13676.13565128136
 -16233.3661416103
 -15517.56113767489
 -13732.30380124734
 -12566.1486002117
 -11411.7640784433
 -11258.857734448
 -9657.494904852414
 -5026.628755605103
 -2757.961053044158
 3045.969403999663
 11691.3947059585
 13902.30604542569
 17641.32365066886
 18771.28421378704
 18023.50605220396
 15700.29004992396
 13092.57962713767
 8340.608093149051
 6683.674792009093
 -4930.656584127985
 -5806.665328368028
 -9254.97697390549
 -15600.51308440726
 -15893.65771591296
 -13485.26932219589
 -11307.11290386876
 -10862.63282954004
 -11066.01944877989
 -9328.1507385244
 -8010.12594509929
 -6788.409070425623
 -3030.248310893807
 5070.997426868348
 5928.483556858708
 11860.16150158613
 15708.50167139584
 18816.07985212323
 17832.6339163201
 17342.57500895431
 13053.95224351681
 11155.83634315848
 5183.344178527777
 1777.575831335003
 -5754.30674479012
 -7777.253173515703
 -11649.02634547212
 -12680.44968811094
 -12963.45224616812
 -14127.77923026598
 -13926.95409483014
 -12392.4891308359
 -12670.49378906758
 -12015.93613450406
 -11011.52988173894
 -6628.822468015696
 5185.825781115555
 8440.172722119263
 19877.02443956792
 19632.73742109835
 20374.69897167138
 17437.83657873242
 16186.11638652718
 10044.21936245429
 4628.169619634047
 -2725.405939975404
 -7352.147318899446
 -9631.989541845322
 -10571.33129164212
 -11813.58543325301
 -12953.63599024694
 -12393.35475871807
 -10723.6989634241
 -11562.73457469983
 -10585.8495965222
 -9423.605158708486
 -7756.861804813968
 -4957.009304012933
 283.8559749404626
 7786.868249505667
 10630.61897501033
 9554.763655706673
 15911.75672204326
 19603.2853041687
 16219.89398994626
 15399.1207988493
 10270.54951768005
 8546.090059654107
 867.4698509882419
 -6356.670473539766
 -6748.561005894597
 -9567.043175334951
 -10032.22069580155
 -8961.786105536885
 -8386.316849204282
 -9985.419701308518
 -10445.04246865418
 -11311.32396916131
 -11409.71166377333
